function R = ramachandranRegions
% RAMACHANDRANREGIONS reference regions in ramachandran plots
%
%    R = ramachandranRegions returns a structure R with the following fields:
%    R.Name = region name (string)
%    R.Color = color (string or RGB valid triplet)
%    R.Patch = region coordinates to draw the corresponding patch
%
% Source: Morris et al. 1992

myorange = [1 .85 0]; 
myred = [1 0 0];

R(1).Name = 'Core Beta';
R(1).Color = myred;
R(1).Patch = [-170 -170 -160 -160 -150 -150 -140 -140 -130 -130 -120 -120 -100 ...
    -100 -90 -90 -70 -70 -60 -60 -50 -50 -40 -40 -50 -50 -60 -60 -70 -70;
    180 150 150 120 120 110 110 100 100 90 90 100 100 90 90 100 100 ...
    110 110 120 120 130 130 140 140 150 150 170 170 180]; 

R(2).Name = 'Core R-Alpha';
R(2).Color = myred;
R(2).Patch = [-110 -110 -120 -120 -130 -130 -120 -120  -110 -110 -100 -100 -90 ...
    -90 -70 -70 -30 -30 -40 -40 -50 -50 -60 -60 -70 -70 -80 -80 -100 -100;
    30 20 20 0 0 -10 -10 -30 -30 -40 -40 -50 -50 -60 -60 -70 -70 -40 -40 ...
    -20 -20 -10 -10 0 0 10 10 20 20 30]; 

R(3).Name = 'Core L-Alpha';
R(3).Color = myred;
R(3).Patch = [50 50 70 70 60 60;  50 30 30 40 40 50]; 

R(4).Name = 'Allowed 1';
R(4).Color = myorange; 
R(4).Patch = [-180 -180 -170 -170 -160 -160 -170 -170 -160 -160 -150 -150 ...
    -170 -170 -180 -180 -160 -160 -150 -150 -130 -130 -70 -70 -60 -60 ...
    -30 -30  0 0 10 10 0 0 -10 -10 -20 -20 -30 -30 -40 -40 -50 -50 -60 -60 -50 -50 ...
    -60 -60 -40 -40 -10 -10 -20 -20 -10 -10 -30 -30 -40 -40;
    180 70 70 60 60 40 40 -20 -20 -40 -40 -50 -50 -60 -60 -70 -70 -60 -60 ...
    -80 -80 -100 -100 -110 -110 -100 -100 -90 -90 -80 -80 -70 -70 -50 -50 -30 -30 -20 -20  ...
    0 0 10 10 30 30 50 50 70 70 80 80 90 90 110 110 140 140 150 150 170 170 180];

R(5).Name = 'Allowed 2';
R(5).Color = myorange;
R(5).Patch = [-170 -170  -180 -180 -50 -50 -70 -70 -80 -80 -110 -110 -90 -90 ...
    -110 -110 -130 -130 -120 -120 -130 -130 -140 -140 ;
    -140 -170 -170 -180 -180 -160 -160 -150 -150 -130 -130 -120 -120 ...
    -110 -110 -120 -120 -130 -130 -140 -140 -150 -150 -140];
    
R(6).Name = 'Allowed 3';
R(6).Color = myorange;
R(6).Patch = [170 170 180 180; -170 -180 -180 -170];

R(7).Name = 'Allowed 4';
R(7).Color = myorange;
R(7).Patch = [60 60 30 30 40 40 30 30 40 40 50 50 60 60 50 50 60 60 70 70 90 90 80 80 90 90 ...
    80 80 90 90 70 70 80 80;
    100 90 90 70 70 60 60 40 40 20 20 10 10 0 0 -10 -10 0 0 -10 -10 10 10 20 20 ...
    30 30 50 50 60 60 90 90 100];

R(8).Name = 'Allowed 5';
R(8).Color = myorange;
R(8).Patch = [170 170 160 160 150 150 160 160 170 170 180 180;
    180 170 170 160 160 150 150 140 140 90 90 180];

R(9).Name = 'Allowed 6';
R(9).Color = myorange;
R(9).Patch = [50 50 70 70 60 60; -140 -170 -170 -160 -160 -140];
